2997 1282 1374 2284 4165 609 2471 3405 1962 1464 1375 360 3196 2434 2697 3401 855 2515 1313 1868 2671 -1
612 -1
1407 2986 2997 1282 1374 2284 4165 609 2471 3405 1962 1464 1375 651 -1
1407 2293 1225 -1
1740 -1
1682 2690 2197 3153 -1
1848 2280 1660 -1
1980 1521 1374 1788 3015 1395 926 -1
1740 369 2718 1416 2997 732 1788 -1
964 2786 1943 -1
457 2625 1145 3392 -1
2997 2875 1788 -1
2433 3250 1036 -1
1144 2625 -1
2997 1374 1788 -1
1003 -1
3926 3301 2079 -1
2838 1908 3325 -1
1210 1416 2997 732 1788 -1
457 2625 1145 3392 2914 -1
2997 2875 1788 -1
1144 2625 2914 -1
2997 1374 1788 -1
2611 2625 2914 -1
1374 1416 2997 732 1788 -1
1144 2625 2914 -1
2997 2875 1788 -1
457 2625 1145 3392 2914 -1
2997 1374 1788 -1
3500 2016 3906 2914 -1
961 1416 2997 732 1788 -1
457 2625 1145 3392 2914 -1
2997 2875 1788 -1
2611 2625 2914 -1
2997 1374 1788 -1
1407 3379 2914 -1
1740 369 2258 688 1375 2997 732 1788 -1
820 3233 2625 -1
457 2625 895 2740 -1
2997 2875 1788 -1
964 2786 1943 -1
457 2625 1145 3392 -1
2997 1374 1788 -1
1974 2597 3196 -1
457 2625 1145 3392 -1
1682 369 2718 1416 2997 732 1788 -1
2034 3181 5479 -1
2611 2625 -1
2997 2875 1788 -1
2034 1837 688 -1
2611 2625 -1
2997 1374 1788 -1
735 983 5220 -1
697 702 -1
1882 2085 953 4165 -1
1210 1416 2997 732 1788 -1
2611 2625 2914 -1
2997 2875 1788 -1
1144 2625 2914 -1
2997 1374 1788 -1
457 2625 1145 3392 2914 -1
1374 1416 2997 732 1788 -1
457 2625 1145 3392 2914 -1
2997 2875 1788 -1
1144 2625 2914 -1
2997 1374 1788 -1
855 2396 1578 2914 -1
961 1416 2997 732 1788 -1
457 2625 1145 3392 2914 -1
2997 2875 1788 -1
2611 2625 2914 -1
2997 1374 1788 -1
1407 3379 2914 -1
1682 369 2258 688 1375 2997 732 1788 -1
444 1796 1964 -1
457 2625 1145 3392 -1
2997 2875 1788 -1
2571 772 2515 -1
855 2396 1578 -1
2997 1374 1788 -1
2491 3905 750 -1
457 2625 1145 3392 -1
